{"train": [{"input": [[0, 7, 7, 7, 0], [0, 9, 0, 0, 9], [0, 0, 9, 0, 5], [0, 0, 7, 0, 3]], "output": [[0, 0, 0, 0], [7, 9, 0, 0], [7, 0, 9, 7], [7, 0, 0, 0], [0, 9, 5, 3]]}, {"input": [[0, 1, 0, 9], [6, 0, 1, 6], [0, 0, 1, 8], [9, 0, 1, 4], [6, 0, 9, 2]], "output": [[0, 6, 0, 9, 6], [1, 0, 0, 0, 0], [0, 1, 1, 1, 9], [9, 6, 8, 4, 2]]}, {"input": [[0, 6, 3, 7, 1], [0, 0, 0, 0, 7], [6, 0, 0, 0, 4], [0, 0, 0, 5, 8], [8, 4, 8, 1, 0]], "output": [[0, 0, 6, 0, 8], [6, 0, 0, 0, 4], [3, 0, 0, 0, 8], [7, 0, 0, 5, 1], [1, 7, 4, 8, 0]]}, {"input": [[0, 5, 5], [0, 0, 0], [0, 0, 0]], "output": [[0, 0, 0], [5, 0, 0], [5, 0, 0]]}, {"input": [[0, 0, 0], [0, 3, 0], [0, 8, 0], [1, 8, 0], [0, 0, 0]], "output": [[0, 0, 0, 1, 0], [0, 3, 8, 8, 0], [0, 0, 0, 0, 0]]}, {"input": [[2, 1, 6, 0], [0, 0, 4, 0], [6, 8, 0, 0], [0, 8, 3, 6], [3, 0, 0, 2]], "output": [[2, 0, 6, 0, 3], [1, 0, 8, 8, 0], [6, 4, 0, 3, 0], [0, 0, 0, 6, 2]]}, {"input": [[0, 3, 1, 1, 8], [3, 6, 6, 3, 7], [8, 0, 0, 7, 0], [0, 5, 0, 0, 2]], "output": [[0, 3, 8, 0], [3, 6, 0, 5], [1, 6, 0, 0], [1, 3, 7, 0], [8, 7, 0, 2]]}, {"input": [[8, 5, 0], [0, 0, 0], [0, 0, 0]], "output": [[8, 0, 0], [5, 0, 0], [0, 0, 0]]}, {"input": [[0, 9, 6, 6, 0], [9, 9, 0, 4, 9], [6, 0, 3, 0, 9], [2, 0, 0, 0, 6]], "output": [[0, 9, 6, 2], [9, 9, 0, 0], [6, 0, 3, 0], [6, 4, 0, 0], [0, 9, 9, 6]]}, {"input": [[6, 0, 8, 8], [6, 1, 6, 0], [0, 0, 8, 8]], "output": [[6, 6, 0], [0, 1, 0], [8, 6, 8], [8, 0, 8]]}, {"input": [[0, 5, 0, 0], [0, 0, 0, 0], [0, 0, 0, 0], [0, 0, 5, 4]], "output": [[0, 0, 0, 0], [5, 0, 0, 0], [0, 0, 0, 5], [0, 0, 0, 4]]}, {"input": [[1, 1, 0, 0], [0, 5, 3, 8], [0, 0, 9, 1], [0, 3, 0, 0]], "output": [[1, 0, 0, 0], [1, 5, 0, 3], [0, 3, 9, 0], [0, 8, 1, 0]]}, {"input": [[0, 0, 0, 7, 0], [5, 9, 0, 0, 0], [3, 0, 5, 0, 0]], "output": [[0, 5, 3], [0, 9, 0], [0, 0, 5], [7, 0, 0], [0, 0, 0]]}, {"input": [[6, 6, 6, 5], [0, 0, 0, 6], [4, 0, 7, 8], [0, 0, 0, 0]], "output": [[6, 0, 4, 0], [6, 0, 0, 0], [6, 0, 7, 0], [5, 6, 8, 0]]}, {"input": [[0, 0, 8, 8], [0, 0, 0, 0], [8, 8, 0, 0]], "output": [[0, 0, 8], [0, 0, 8], [8, 0, 0], [8, 0, 0]]}, {"input": [[0, 0, 6, 0], [2, 0, 2, 2], [0, 0, 0, 0]], "output": [[0, 2, 0], [0, 0, 0], [6, 2, 0], [0, 2, 0]]}, {"input": [[5, 0, 4, 0, 0], [0, 0, 0, 0, 1], [0, 6, 0, 0, 5]], "output": [[5, 0, 0], [0, 0, 6], [4, 0, 0], [0, 0, 0], [0, 1, 5]]}, {"input": [[1, 0, 0], [6, 0, 0], [0, 0, 9], [0, 4, 0]], "output": [[1, 6, 0, 0], [0, 0, 0, 4], [0, 0, 9, 0]]}, {"input": [[0, 9, 0, 1], [7, 2, 6, 6], [7, 6, 4, 7], [0, 0, 0, 2]], "output": [[0, 7, 7, 0], [9, 2, 6, 0], [0, 6, 4, 0], [1, 6, 7, 2]]}, {"input": [[0, 0, 6, 0, 0], [0, 6, 0, 9, 4], [6, 0, 9, 0, 9], [6, 0, 0, 0, 5], [0, 5, 0, 7, 0]], "output": [[0, 0, 6, 6, 0], [0, 6, 0, 0, 5], [6, 0, 9, 0, 0], [0, 9, 0, 0, 7], [0, 4, 9, 5, 0]]}, {"input": [[2, 0, 4, 0], [0, 4, 5, 0], [3, 1, 3, 5], [0, 7, 0, 0], [0, 0, 0, 7]], "output": [[2, 0, 3, 0, 0], [0, 4, 1, 7, 0], [4, 5, 3, 0, 0], [0, 0, 5, 0, 7]]}, {"input": [[2, 2, 1, 0, 0], [0, 0, 0, 6, 0], [0, 0, 0, 0, 2], [0, 4, 2, 0, 1], [5, 0, 0, 1, 0]], "output": [[2, 0, 0, 0, 5], [2, 0, 0, 4, 0], [1, 0, 0, 2, 0], [0, 6, 0, 0, 1], [0, 0, 2, 1, 0]]}, {"input": [[0, 8, 0, 0, 0], [9, 0, 6, 1, 0], [0, 6, 1, 2, 3], [6, 3, 5, 0, 2], [6, 2, 0, 0, 1]], "output": [[0, 9, 0, 6, 6], [8, 0, 6, 3, 2], [0, 6, 1, 5, 0], [0, 1, 2, 0, 0], [0, 0, 3, 2, 1]]}, {"input": [[8, 3, 4], [0, 0, 9], [0, 0, 6], [0, 4, 0]], "output": [[8, 0, 0, 0], [3, 0, 0, 4], [4, 9, 6, 0]]}, {"input": [[4, 0, 0], [0, 4, 0], [0, 8, 8]], "output": [[4, 0, 0], [0, 4, 8], [0, 0, 8]]}, {"input": [[0, 0, 8], [0, 6, 0], [0, 0, 6], [0, 7, 5]], "output": [[0, 0, 0, 0], [0, 6, 0, 7], [8, 0, 6, 5]]}, {"input": [[0, 7, 5], [1, 0, 0], [0, 1, 0], [0, 0, 0], [0, 0, 0]], "output": [[0, 1, 0, 0, 0], [7, 0, 1, 0, 0], [5, 0, 0, 0, 0]]}], "test": [{"input": [[0, 0, 0, 0, 1], [2, 7, 0, 0, 0], [0, 0, 0, 7, 0], [1, 0, 0, 0, 3]], "output": [[0, 2, 0, 1], [0, 7, 0, 0], [0, 0, 0, 0], [0, 0, 7, 0], [1, 0, 0, 3]]}, {"input": [[9, 0, 2, 0, 0], [3, 9, 4, 0, 4], [2, 2, 0, 1, 0], [4, 2, 6, 0, 0], [0, 0, 0, 0, 0]], "output": [[9, 3, 2, 4, 0], [0, 9, 2, 2, 0], [2, 4, 0, 6, 0], [0, 0, 1, 0, 0], [0, 4, 0, 0, 0]]}, {"input": [[0, 0, 0, 8, 0], [5, 3, 4, 7, 0], [0, 0, 0, 0, 0], [4, 5, 8, 7, 2]], "output": [[0, 5, 0, 4], [0, 3, 0, 5], [0, 4, 0, 8], [8, 7, 0, 7], [0, 0, 0, 2]]}]}